!
urf1=0.77;
urf3=0;
lag1=0.5;
lag3=0;

k1_bd = -0.791432288797301;
k1_bf = 5.14862467666775;
tbd = 0.071913408031496;
tbf = -0.00386123847717974;
dd2 = 0.3187;
dd1 = 0.6287;
k2_sd = -237.938720;
k2_sf = 231.309363;
pp1=0.07;


k1_bdi = -1.07412428112679;
k1_bfi = 4.98411765236552;
tbi = 0.0303617;
tbfi = -0.0052332896284592;
tbdi = 0.0217359948887901;
dd2i = 0.264627204882382;
dd1i = 0.687778862988327;
dd0i = 0.100927856427162;
pp2=0.1;


k1_bd2 = 0;
k1_bf2 = 4.86307716758192;
tbd2 = 0.0362841234347582;
dds1 = 3;
dds2 = 0.150003735601725;
dds3 = 0.241648395321823;
dds4 = 0.975581249278378;
dds5 = 0.335168987301446;
k1_qqm02 = -4.45561731714571;
k1_qqm03 = 4.39445879304819;
bx_cell_1 = 15.635303200833;
dx_cell_1 = 0;
by_cell_1 = 2.399997524;


k1_qqm04 = -1.02796023994105;
dds0t              =        2.6793824768109484 ;
dds1t              =      0.07061752318899864 ;